Using the algorithm on five randomly generated real symmetric matrices:

Iteration 1

Matrix A:

[-0.656 0.767 3.558 -1.746 -0.034
0.767 -4.651 4.320 2.320 4.916
3.558 4.320 -4.892 4.117 -2.404
-1.746 2.320 4.117 1.723 4.442
-0.034 4.916 -2.404 4.442 4.989]

Matrix Q:

[1.000 0.000 -0.000 -0.000 0.000
0.000 0.190 0.666 -0.702 -0.165
0.000 0.881 -0.058 0.273 -0.381
0.000 -0.432 0.188 0.260 -0.842
0.000 -0.008 -0.720 -0.604 -0.343]

Matrix QTQ:

[1.000 0.000 -0.000 -0.000 0.000
0.000 1.000 -0.000 0.000 0.000
-0.000 -0.000 1.000 0.000 -0.000
-0.000 0.000 0.000 1.000 -0.000
0.000 0.000 -0.000 -0.000 1.000]

As expected QTQ gives the identity matrix since Q is orthonormal

Matrix T:

[-0.656 4.037 0.000 0.000 0.000
4.037 -5.666 4.439 0.000 0.000
0.000 4.439 -5.391 5.271 0.000
0.000 0.000 5.271 0.921 4.713
0.000 0.000 0.000 4.713 7.305]

Matrix QTAT:

[-0.656 4.037 -0.000 0.000 0.000
4.037 -5.666 4.439 -0.000 -0.000
-0.000 4.439 -5.391 5.271 0.000
0.000 -0.000 5.271 0.921 4.713
0.000 -0.000 0.000 4.713 7.305]

As expected T and QTAQ are the same

***************************************************************

Iteration 2

Matrix A:

[0.001 2.220 4.738 1.478 -0.980
2.220 3.249 -4.810 -4.452 2.040
4.738 -4.810 2.062 2.020 -1.243
1.478 -4.452 2.020 -0.289 1.438
-0.980 2.040 -1.243 1.438 1.172]

Matrix Q:

[1.000 0.000 0.000 -0.000 0.000
0.000 0.402 -0.908 -0.115 -0.031
0.000 0.858 0.413 -0.289 0.103
0.000 0.268 -0.007 0.903 0.336
0.000 -0.177 -0.073 -0.296 0.936]

Matrix QTQ:

[1.000 0.000 0.000 -0.000 0.000
0.000 1.000 -0.000 0.000 -0.000
0.000 -0.000 1.000 -0.000 -0.000
-0.000 0.000 -0.000 1.000 0.000
0.000 -0.000 -0.000 0.000 1.000]

As expected QTQ gives the identity matrix since Q is orthonormal

Matrix T:

[0.001 5.525 0.000 0.000 0.000
5.525 -1.338 4.224 0.000 0.000
0.000 4.224 6.914 4.090 0.000
0.000 0.000 4.090 -1.210 1.086
0.000 0.000 0.000 1.086 1.827]

Matrix QTAT:

[0.001 5.525 -0.000 0.000 -0.000
5.525 -1.338 4.224 -0.000 -0.000
-0.000 4.224 6.914 4.090 -0.000
0.000 -0.000 4.090 -1.210 1.086
-0.000 -0.000 -0.000 1.086 1.827]

As expected T and QTAQ are the same

***************************************************************

Iteration 3

Matrix A:

[-3.468 -2.804 -0.549 -0.615 -0.304
-2.804 -3.589 -1.056 -1.185 -1.860
-0.549 -1.056 4.136 1.707 -0.049
-0.615 -1.185 1.707 1.740 1.106
-0.304 -1.860 -0.049 1.106 2.300]

Matrix Q:

[1.000 0.000 0.000 -0.000 0.000
0.000 -0.954 0.137 0.173 0.201
0.000 -0.187 -0.641 -0.724 0.174
0.000 -0.209 -0.378 0.175 -0.885
0.000 -0.103 0.654 -0.644 -0.382]

Matrix QTQ:

[1.000 0.000 0.000 -0.000 0.000
0.000 1.000 0.000 -0.000 -0.000
0.000 0.000 1.000 0.000 -0.000
-0.000 -0.000 0.000 1.000 -0.000
0.000 -0.000 -0.000 -0.000 1.000]

As expected QTQ gives the identity matrix since Q is orthonormal

Matrix T:

[-3.468 2.939 0.000 0.000 0.000
2.939 -4.060 1.368 0.000 0.000
0.000 1.368 3.157 1.647 0.000
0.000 0.000 1.647 2.947 1.970
0.000 0.000 0.000 1.970 2.543]

Matrix QTAT:

[-3.468 2.939 -0.000 0.000 -0.000
2.939 -4.060 1.368 -0.000 0.000
-0.000 1.368 3.157 1.647 -0.000
0.000 -0.000 1.647 2.947 1.970
-0.000 0.000 -0.000 1.970 2.543]

As expected T and QTAQ are the same

***************************************************************

Iteration 4

Matrix A:

[-1.927 3.377 -2.957 -3.398 -1.872
3.377 -0.786 -3.398 0.047 2.995
-2.957 -3.398 1.143 1.269 0.501
-3.398 0.047 1.269 0.273 -3.590
-1.872 2.995 0.501 -3.590 2.179]

Matrix Q:

[1.000 0.000 0.000 -0.000 -0.000
0.000 0.569 -0.034 0.568 -0.594
0.000 -0.498 -0.690 0.521 0.060
0.000 -0.573 0.182 -0.219 -0.769
0.000 -0.315 0.699 0.599 0.230]

Matrix QTQ:

[1.000 0.000 0.000 -0.000 -0.000
0.000 1.000 0.000 -0.000 -0.000
0.000 0.000 1.000 0.000 0.000
-0.000 -0.000 0.000 1.000 0.000
-0.000 -0.000 0.000 0.000 1.000]

As expected QTQ gives the identity matrix since Q is orthonormal

Matrix T:

[-1.927 5.933 0.000 0.000 0.000
5.933 0.742 4.373 0.000 0.000
0.000 4.373 -0.399 3.477 0.000
0.000 0.000 3.477 1.830 2.281
0.000 0.000 0.000 2.281 0.635]

Matrix QTAT:

[-1.927 5.933 -0.000 -0.000 -0.000
5.933 0.742 4.373 -0.000 -0.000
-0.000 4.373 -0.399 3.477 -0.000
-0.000 -0.000 3.477 1.830 2.281
-0.000 -0.000 -0.000 2.281 0.635]

As expected T and QTAQ are the same

***************************************************************

Iteration 5

Matrix A:

[0.881 2.391 -0.587 -1.078 -3.555
2.391 -4.709 0.727 -0.794 1.747
-0.587 0.727 0.434 -1.704 4.532
-1.078 -0.794 -1.704 2.308 -4.715
-3.555 1.747 4.532 -4.715 -4.204]

Matrix Q:

[1.000 0.000 -0.000 -0.000 0.000
0.000 0.536 -0.117 -0.495 0.674
0.000 -0.132 -0.921 0.320 0.181
0.000 -0.242 0.371 0.581 0.683
0.000 -0.798 -0.039 -0.562 0.216]

Matrix QTQ:

[1.000 0.000 -0.000 -0.000 0.000
0.000 1.000 -0.000 0.000 0.000
-0.000 -0.000 1.000 0.000 0.000
-0.000 0.000 0.000 1.000 -0.000
0.000 0.000 0.000 -0.000 1.000]

As expected QTQ gives the identity matrix since Q is orthonormal

Matrix T:

[0.881 4.457 0.000 0.000 0.000
4.457 -6.255 4.013 0.000 0.000
0.000 4.013 2.477 4.741 0.000
0.000 0.000 4.741 0.352 2.743
0.000 0.000 0.000 2.743 -2.744]

Matrix QTAT:

[0.881 4.457 -0.000 0.000 0.000
4.457 -6.255 4.013 -0.000 0.000
-0.000 4.013 2.477 4.741 0.000
0.000 0.000 4.741 0.352 2.743
0.000 0.000 0.000 2.743 -2.744]

As expected T and QTAQ are the same

***************************************************************

